N,Budget,K,DP_TopDown_s,DP_BottomUp_s,Greedy_Score_s,Greedy_ScoreCost_s,Greedy_LowestCost_s,Greedy_Unconstrained_s,DP_TopDown_score,DP_BottomUp_score,Greedy_Score_score,Greedy_ScoreCost_score,Greedy_LowestCost_score,Greedy_Unconstrained_score
1,738,0,0.000002838,0.000008472,0.000000199,0.000000106,0.000000111,0.000000000,0.000,0.000,0.000,0.000,0.000,0.000
527,4000,0,0.035935462,0.013527338,0.000107418,0.000119319,0.000088396,0.000000000,146.200,146.200,27.900,12.400,131.200,0.000
1053,4000,0,0.057818989,0.019053199,0.000159944,0.000182941,0.000137996,0.000000000,172.900,172.900,9.500,3.000,144.400,0.000
1579,4000,0,0.085920067,0.027633576,0.000249957,0.000291030,0.000219909,0.000000000,202.900,202.900,3.200,0.400,167.900,0.000
2106,4000,0,0.117717002,0.036059078,0.000341903,0.000403964,0.000301940,0.000000000,246.700,246.700,10.600,5.300,212.700,0.000
2632,4000,0,0.148471143,0.045005053,0.000436841,0.000523401,0.000387944,0.000000000,272.100,272.100,0.900,2.200,233.000,0.000
3158,4000,0,0.178921422,0.053950086,0.000538355,0.000650408,0.000487144,0.000000000,308.300,308.300,4.600,2.700,278.900,0.000
3684,4000,0,0.209944626,0.062909787,0.000647616,0.000770193,0.000589186,0.000000000,331.700,331.700,6.800,2.000,289.900,0.000
4211,4000,0,0.246473798,0.072576347,0.000745273,0.000894280,0.000662331,0.000000000,406.900,406.900,18.000,11.100,358.100,0.000
4737,4000,0,0.283452629,0.081241040,0.000847454,0.001163816,0.000757681,0.000000000,390.300,390.300,23.700,6.100,345.100,0.000
5263,4000,0,0.305846044,0.089993927,0.000945145,0.001146765,0.000851580,0.000000000,451.600,451.600,10.700,3.500,394.800,0.000
5789,4000,0,0.341628012,0.099055863,0.001057897,0.001292506,0.000974010,0.000000000,394.500,394.500,3.500,3.500,328.600,0.000
6316,4000,0,0.382947703,0.108360597,0.001161396,0.001427256,0.001068996,0.000000000,410.100,410.100,3.400,6.000,343.600,0.000
6842,4000,0,0.400308065,0.117083245,0.001274190,0.001554174,0.001171164,0.000000000,470.500,470.500,2.500,2.600,416.200,0.000
7368,4000,0,0.447970383,0.126601513,0.001391221,0.001696646,0.001287062,0.000000000,489.900,489.900,5.300,2.400,422.700,0.000
7894,4000,0,0.488004789,0.136674773,0.001502427,0.001835812,0.001543978,0.000000000,508.200,508.200,3.600,1.500,440.200,0.000
8421,4000,0,0.526027166,0.145593779,0.001595628,0.001963740,0.001450203,0.000000000,522.600,522.600,3.800,1.700,458.000,0.000
8947,4000,0,0.561668738,0.154760346,0.001698801,0.002096461,0.001553486,0.000000000,525.400,525.400,3.200,2.200,463.600,0.000
9473,4000,0,0.588248570,0.164136987,0.001791202,0.002234708,0.001644335,0.000000000,537.300,537.300,3.200,1.800,471.500,0.000
10000,4000,0,0.609143839,0.173081165,0.001912372,0.002352430,0.001746494,0.000000000,570.500,570.500,3.200,6.600,502.000,0.000
